# Created by Octave 3.6.4, Sat May 16 11:51:52 2015 Hora oficial do Brasil <unknown@CYM>
# name: A
# type: matrix
# rows: 2
# columns: 4
 1 1 1 1
 2 0 3 4


# name: b
# type: matrix
# rows: 2
# columns: 1
 2
 2


# name: c
# type: matrix
# rows: 4
# columns: 1
 2
 2
 2
 2


# name: m
# type: scalar
2


# name: n
# type: scalar
4


# name: x
# type: matrix
# rows: 4
# columns: 1
 1
 1
 0
 0


