# Created by Octave 3.6.4, Sun May 17 22:21:44 2015 Hora oficial do Brasil <unknown@CYM>
# name: A
# type: matrix
# rows: 2
# columns: 4
 -1 1 1 0
 1 -2 0 1


# name: b
# type: matrix
# rows: 2
# columns: 1
 1
 2


# name: c
# type: matrix
# rows: 4
# columns: 1
 -2
 -1
 0
 0


# name: m
# type: scalar
2


# name: n
# type: scalar
4


# name: x
# type: matrix
# rows: 4
# columns: 1
 0
 0
 1
 2


